41 29
41 32
41 33
41 30
41 27
41 22
43 4
43 14
43 15
43 5
43 11
43 9
43 2
44 37
44 25
44 30
44 36
44 28
44 29
46 5
46 3
46 1
46 4
46 10
46 15
47 24
47 25
47 36
47 21
47 22
47 29
47 33
48 10
48 16
48 17
48 13
48 4
48 5
48 11
50 36
50 29
50 32
50 33
50 28
50 31
50 21
50 35
51 37
51 36
51 22
51 30
51 33
51 35
51 26
51 25
51 24
52 3
52 5
52 13
52 2
52 9
52 6
53 32
53 31
53 22
53 23
53 21
53 35
54 36
54 30
54 35
54 29
54 25
54 21
54 32
54 37
54 26
55 23
55 31
55 21
55 26
55 36
55 28
55 37
56 37
56 21
56 29
56 23
56 25
56 28
56 34
56 31
57 16
57 11
57 3
57 6
57 2
58 10
58 7
58 11
58 6
58 16
58 2
58 8
58 3
58 12
59 23
59 35
59 37
59 25
59 21
59 32
59 29
60 14
60 5
60 1
60 2
60 10
60 13
60 6
60 12
60 11
