41 45
41 43
41 42
41 55
41 56
41 52
41 47
42 44
42 51
42 57
42 55
42 47
42 45
42 50
43 46
43 57
43 41
43 42
43 56
43 48
44 49
44 41
44 47
44 57
44 50
44 43
45 49
45 54
45 55
45 50
45 52
45 51
46 54
46 51
46 55
46 50
46 44
46 53
46 43
47 45
47 41
47 50
47 56
47 49
48 52
48 42
48 54
48 45
48 57
48 41
49 42
49 56
49 52
49 53
49 50
49 48
50 48
50 44
50 42
51 47
51 53
51 50
51 52
51 43
52 51
52 56
52 41
52 53
53 54
53 45
53 42
54 50
54 53
54 57
54 42
54 46
55 43
55 49
55 48
55 46
55 52
55 50
56 43
56 55
56 47
56 53
57 45
57 55
57 54
57 41
58 46
58 53
58 57
58 45
58 55
58 56
58 48
58 44
59 48
59 44
59 41
59 50
59 55
59 52
59 43
59 47
60 55
60 50
60 48
60 53
60 43
60 46
60 52
60 56
